k = 0
F = [1, 0, 1, 1, 1, 0, 1, 1, 1, 1, 1, 1, 1, 0, 1, 1]
Y = [1, 1, 0, 1, 1, 0, 1, 1, 1, 0, 1, 1, 1, 1, 1, 0]
E = 5


w = [0.3, 0.0, 0.6, 0.0]	w0 = 0.3
k = 1
F = [1, 0, 1, 1, 1, 0, 1, 1, 1, 1, 1, 1, 1, 0, 1, 1]
Y = [1, 1, 1, 1, 1, 0, 1, 1, 1, 1, 1, 1, 1, 1, 0, 1]
E = 3


w = [0.3, 0.0, 0.8999999999999999, -0.6]	w0 = 0.0
k = 2
F = [1, 0, 1, 1, 1, 0, 1, 1, 1, 1, 1, 1, 1, 0, 1, 1]
Y = [1, 0, 1, 1, 1, 0, 1, 1, 1, 0, 1, 1, 1, 1, 1, 1]
E = 2


w = [0.3, -0.3, 0.8999999999999999, -0.6]	w0 = 0.0
k = 3
F = [1, 0, 1, 1, 1, 0, 1, 1, 1, 1, 1, 1, 1, 0, 1, 1]
Y = [1, 0, 1, 1, 0, 1, 1, 0, 1, 1, 1, 1, 1, 1, 1, 1]
E = 4


w = [0.0, -0.3, 1.2, -0.8999999999999999]	w0 = 0.0
k = 4
F = [1, 0, 1, 1, 1, 0, 1, 1, 1, 1, 1, 1, 1, 0, 1, 1]
Y = [1, 0, 1, 1, 0, 1, 1, 0, 1, 1, 1, 1, 1, 1, 1, 0]
E = 5


w = [0.0, 0.0, 1.8, -0.8999999999999999]	w0 = 0.3
k = 5
F = [1, 0, 1, 1, 1, 0, 1, 1, 1, 1, 1, 1, 1, 0, 1, 1]
Y = [1, 1, 1, 1, 1, 0, 1, 1, 1, 0, 1, 1, 1, 1, 1, 1]
E = 3


w = [0.0, -0.3, 1.8, -1.2]	w0 = 0.0
k = 6
F = [1, 0, 1, 1, 1, 0, 1, 1, 1, 1, 1, 1, 1, 0, 1, 1]
Y = [1, 0, 1, 1, 0, 1, 1, 1, 1, 0, 1, 1, 1, 1, 1, 0]
E = 5


w = [0.3, -0.3, 2.1, -1.2]	w0 = 0.3
k = 7
F = [1, 0, 1, 1, 1, 0, 1, 1, 1, 1, 1, 1, 1, 0, 1, 1]
Y = [1, 1, 1, 1, 0, 0, 1, 1, 1, 1, 1, 1, 1, 1, 1, 1]
E = 3


w = [0.0, -0.3, 2.1, -1.8]	w0 = 0.0
k = 8
F = [1, 0, 1, 1, 1, 0, 1, 1, 1, 1, 1, 1, 1, 0, 1, 1]
Y = [1, 0, 1, 1, 0, 0, 1, 1, 1, 0, 1, 1, 1, 1, 1, 1]
E = 3


w = [0.0, -0.3, 2.1, -1.8]	w0 = 0.3
k = 9
F = [1, 0, 1, 1, 1, 0, 1, 1, 1, 1, 1, 1, 1, 0, 1, 1]
Y = [1, 0, 1, 1, 1, 0, 1, 1, 1, 0, 1, 1, 1, 1, 1, 1]
E = 2


w = [0.0, -0.6, 2.1, -1.8]	w0 = 0.3
k = 10
F = [1, 0, 1, 1, 1, 0, 1, 1, 1, 1, 1, 1, 1, 0, 1, 1]
Y = [1, 0, 1, 1, 1, 0, 1, 1, 1, 0, 1, 1, 1, 1, 1, 1]
E = 2


w = [0.0, -0.8999999999999999, 2.1, -1.8]	w0 = 0.3
k = 11
F = [1, 0, 1, 1, 1, 0, 1, 1, 1, 1, 1, 1, 1, 0, 1, 1]
Y = [1, 0, 1, 1, 1, 0, 1, 1, 1, 0, 1, 1, 1, 1, 1, 1]
E = 2


w = [0.0, -1.2, 2.1, -1.8]	w0 = 0.3
k = 12
F = [1, 0, 1, 1, 1, 0, 1, 1, 1, 1, 1, 1, 1, 0, 1, 1]
Y = [1, 0, 1, 1, 1, 0, 1, 1, 1, 0, 1, 1, 1, 0, 1, 1]
E = 1


w = [0.3, -1.2, 2.1, -1.5]	w0 = 0.6
k = 13
F = [1, 0, 1, 1, 1, 0, 1, 1, 1, 1, 1, 1, 1, 0, 1, 1]
Y = [1, 1, 1, 1, 1, 0, 1, 1, 1, 0, 1, 1, 1, 1, 1, 1]
E = 3


w = [0.3, -1.5, 2.1, -1.8]	w0 = 0.3
k = 14
F = [1, 0, 1, 1, 1, 0, 1, 1, 1, 1, 1, 1, 1, 0, 1, 1]
Y = [1, 0, 1, 1, 0, 0, 1, 1, 1, 1, 1, 1, 1, 0, 1, 1]
E = 1


w = [0.3, -1.2, 2.1, -1.8]	w0 = 0.6
k = 15
F = [1, 0, 1, 1, 1, 0, 1, 1, 1, 1, 1, 1, 1, 0, 1, 1]
Y = [1, 1, 1, 1, 1, 0, 1, 1, 1, 0, 1, 1, 1, 0, 1, 1]
E = 2


w = [0.6, -1.2, 2.1, -1.8]	w0 = 0.6
k = 16
F = [1, 0, 1, 1, 1, 0, 1, 1, 1, 1, 1, 1, 1, 0, 1, 1]
Y = [1, 1, 1, 1, 1, 0, 1, 1, 1, 0, 1, 1, 1, 1, 1, 1]
E = 3


w = [0.5999999999999999, -1.5, 2.1, -2.1]	w0 = 0.3
k = 17
F = [1, 0, 1, 1, 1, 0, 1, 1, 1, 1, 1, 1, 1, 0, 1, 1]
Y = [1, 0, 1, 1, 0, 0, 1, 1, 1, 1, 1, 1, 1, 0, 1, 1]
E = 1


w = [0.5999999999999999, -1.2, 2.1, -2.1]	w0 = 0.6
k = 18
F = [1, 0, 1, 1, 1, 0, 1, 1, 1, 1, 1, 1, 1, 0, 1, 1]
Y = [1, 1, 1, 1, 1, 0, 1, 0, 1, 1, 1, 1, 1, 0, 1, 1]
E = 2


w = [0.5999999999999999, -0.8999999999999999, 2.4, -2.1]	w0 = 0.6
k = 19
F = [1, 0, 1, 1, 1, 0, 1, 1, 1, 1, 1, 1, 1, 0, 1, 1]
Y = [1, 1, 1, 1, 1, 0, 1, 1, 1, 0, 1, 1, 1, 1, 1, 1]
E = 3


w = [0.5999999999999999, -1.2, 2.4, -2.4]	w0 = 0.3
k = 20
F = [1, 0, 1, 1, 1, 0, 1, 1, 1, 1, 1, 1, 1, 0, 1, 1]
Y = [1, 0, 1, 1, 1, 0, 1, 0, 1, 1, 1, 1, 1, 0, 1, 1]
E = 1


w = [0.5999999999999999, -0.8999999999999999, 2.6999999999999997, -2.1]	w0 = 0.6
k = 21
F = [1, 0, 1, 1, 1, 0, 1, 1, 1, 1, 1, 1, 1, 0, 1, 1]
Y = [1, 1, 1, 1, 1, 0, 1, 1, 1, 0, 1, 1, 1, 1, 1, 1]
E = 3


w = [0.5999999999999999, -1.2, 2.6999999999999997, -2.4]	w0 = 0.3
k = 22
F = [1, 0, 1, 1, 1, 0, 1, 1, 1, 1, 1, 1, 1, 0, 1, 1]
Y = [1, 0, 1, 1, 1, 0, 1, 1, 1, 0, 1, 1, 1, 1, 1, 1]
E = 2


w = [0.5999999999999999, -1.5, 2.6999999999999997, -2.4]	w0 = 0.3
k = 23
F = [1, 0, 1, 1, 1, 0, 1, 1, 1, 1, 1, 1, 1, 0, 1, 1]
Y = [1, 0, 1, 1, 0, 0, 1, 1, 1, 1, 1, 1, 1, 0, 1, 1]
E = 1


w = [0.5999999999999999, -1.2, 2.6999999999999997, -2.4]	w0 = 0.6
k = 24
F = [1, 0, 1, 1, 1, 0, 1, 1, 1, 1, 1, 1, 1, 0, 1, 1]
Y = [1, 1, 1, 1, 1, 0, 1, 0, 1, 1, 1, 1, 1, 0, 1, 1]
E = 2


w = [0.5999999999999999, -0.8999999999999999, 2.9999999999999996, -2.4]	w0 = 0.6
k = 25
F = [1, 0, 1, 1, 1, 0, 1, 1, 1, 1, 1, 1, 1, 0, 1, 1]
Y = [1, 1, 1, 1, 1, 0, 1, 1, 1, 0, 1, 1, 1, 1, 1, 1]
E = 3


w = [0.5999999999999999, -1.2, 2.9999999999999996, -2.6999999999999997]	w0 = 0.3
k = 26
F = [1, 0, 1, 1, 1, 0, 1, 1, 1, 1, 1, 1, 1, 0, 1, 1]
Y = [1, 0, 1, 1, 1, 0, 1, 1, 1, 0, 1, 1, 1, 0, 1, 1]
E = 1


w = [0.8999999999999999, -1.2, 2.9999999999999996, -2.4]	w0 = 0.6
k = 27
F = [1, 0, 1, 1, 1, 0, 1, 1, 1, 1, 1, 1, 1, 0, 1, 1]
Y = [1, 1, 1, 1, 1, 0, 1, 1, 1, 0, 1, 1, 1, 1, 1, 1]
E = 3


w = [0.8999999999999999, -1.5, 2.9999999999999996, -2.6999999999999997]	w0 = 0.3
k = 28
F = [1, 0, 1, 1, 1, 0, 1, 1, 1, 1, 1, 1, 1, 0, 1, 1]
Y = [1, 0, 1, 1, 0, 0, 1, 1, 1, 1, 1, 1, 1, 0, 1, 1]
E = 1


w = [0.8999999999999999, -1.2, 2.9999999999999996, -2.6999999999999997]	w0 = 0.6
k = 29
F = [1, 0, 1, 1, 1, 0, 1, 1, 1, 1, 1, 1, 1, 0, 1, 1]
Y = [1, 0, 1, 1, 1, 0, 1, 1, 1, 1, 1, 1, 1, 0, 1, 1]
E = 0


w = [0.8999999999999999, -1.2, 2.9999999999999996, -2.6999999999999997]	w0 = 0.6
